15 1 0.005
15 
4 14 13 18 13 3 17 8 13 10 14 6 20 20 13 
29.6062 10.61 18.9179 11.8448 17.3672 23.5782 10.1613 25.7029 20.136 23.2571 19.4402 11.0925 15.3924 21.0533 23.7049 
28 20 19 26 
21 10 12 9 21 25 30 10 20 19 23 12 29 3 
23 24 17 14 16 22 16 27 16 24 8 12 18 
6 19 11 18 20 19 19 12 9 15 25 13 19 18 29 17 19 22 
28 21 24 17 9 4 20 4 26 1 17 5 5 
21 28 7 
17 22 4 28 4 26 8 18 13 29 4 10 10 17 5 19 13 
16 16 16 1 4 3 28 21 
19 16 20 30 16 25 11 25 12 10 18 27 3 
25 15 22 25 28 25 14 21 1 12 
29 9 6 3 26 13 13 20 26 7 9 6 7 28 
25 27 29 20 29 15 
12 4 25 27 18 6 18 2 12 16 7 13 1 6 5 11 6 3 11 20 
26 1 5 18 9 9 17 18 19 3 17 15 13 12 22 6 4 18 22 23 
12 19 29 7 22 20 19 12 22 26 30 20 9 
0 0 0 0 
0 0 0 0 0 0 0 0 0 0 0 0 0 0 
0 0 0 0 0 0 0 0 0 0 0 0 0 
0 0 0 0 0 0 0 0 0 0 0 0 0 0 0 0 0 0 
0 0 0 0 0 0 0 0 0 0 0 0 0 
0 0 0 
0 0 0 0 0 0 0 0 0 0 0 0 0 0 0 0 0 
0 0 0 0 0 0 0 0 
0 0 0 0 0 0 0 0 0 0 0 0 0 
0 0 0 0 0 0 0 0 0 0 
0 0 0 0 0 0 0 0 0 0 0 0 0 0 
0 0 0 0 0 0 
0 0 0 0 0 0 0 0 0 0 0 0 0 0 0 0 0 0 0 0 
0 0 0 0 0 0 0 0 0 0 0 0 0 0 0 0 0 0 0 0 
0 0 0 0 0 0 0 0 0 0 0 0 0 
