8 1 0.050000
6 
10 2 8 7 10 4 2 1 
12.000000 12.000000 12.000000 19.000000 19.000000 19.000000 14.000000 17.000000 
4.000000 5.000000 2.000000 10.000000 2.000000 2.000000 7.000000 8.000000 2.000000 8.000000 
6.000000 5.000000 
5.000000 9.000000 6.000000 4.000000 4.000000 10.000000 3.000000 7.000000 
8.000000 3.000000 5.000000 5.000000 9.000000 5.000000 3.000000 
7.000000 9.000000 6.000000 9.000000 3.000000 9.000000 3.000000 8.000000 4.000000 7.000000 
5.000000 6.000000 7.000000 9.000000 
2.000000 4.000000 
8.000000 
0 0 0 0 0 0 0 0 0 0 
0 0 
0 0 0 0 0 0 0 0 
0 0 0 0 0 0 0 
0 0 0 0 0 0 0 0 0 0 
0 0 0 0 
0 0 
0 

