15 1 0.005
13 
17 16 8 1 11 15 17 7 3 4 2 10 3 10 6 
21.1096 21.9108 12.0905 15.4984 19.6835 11.999 28.3729 29.2675 27.8134 13.1524 28.8027 11.7171 10.0801 14.4497 24.9582 
22 16 22 18 4 8 11 4 25 9 23 13 12 15 22 4 26 
23 23 18 24 29 18 22 5 5 19 25 16 18 21 4 7 
25 17 5 26 4 25 28 18 
21 
4 24 16 22 17 5 19 17 26 9 1 
24 29 26 10 26 1 27 1 30 22 10 27 23 28 5 
6 5 25 4 6 23 28 14 14 29 18 27 24 10 2 21 19 
5 26 23 22 15 22 12 
5 11 5 
25 4 23 18 
5 20 
9 29 12 30 7 10 25 1 28 23 
25 17 7 
14 12 5 8 11 30 16 17 8 17 
15 9 6 28 6 10 
0 0 0 0 0 0 0 0 0 0 0 0 0 0 0 0 0 
0 0 0 0 0 0 0 0 0 0 0 0 0 0 0 0 
0 0 0 0 0 0 0 0 
0 
0 0 0 0 0 0 0 0 0 0 0 
0 0 0 0 0 0 0 0 0 0 0 0 0 0 0 
0 0 0 0 0 0 0 0 0 0 0 0 0 0 0 0 0 
0 0 0 0 0 0 0 
0 0 0 
0 0 0 0 
0 0 
0 0 0 0 0 0 0 0 0 0 
0 0 0 
0 0 0 0 0 0 0 0 0 0 
0 0 0 0 0 0 
